NUMBER;SIMPLE;GUESSES;STUPID;GUESSES;BINARY;GUESSES
-999;0;1;0;582;0;9
-998;-1;1001;-1;1000;-1;11
-997;-1;1001;-1;1000;-1;11
-996;-1;1001;-1;1000;-1;11
-995;-1;1001;-1;1000;-1;11
-994;1;2;1;313;1;10
-993;-1;1001;-1;1000;-1;11
-992;2;3;2;12;2;8
-991;3;4;-1;1000;3;10
-990;4;5;-1;1000;4;9
-989;5;6;5;696;5;10
-988;-1;1001;-1;1000;-1;11
-987;-1;1001;-1;1000;-1;11
-986;-1;1001;-1;1000;-1;11
-985;-1;1001;-1;1000;-1;11
-984;-1;1001;-1;1000;-1;11
-983;-1;1001;-1;1000;-1;11
-982;6;7;-1;1000;6;7
-981;-1;1001;-1;1000;-1;11
-980;-1;1001;-1;1000;-1;11
-979;-1;1001;-1;1000;-1;11
-978;7;8;7;368;7;10
-977;8;9;-1;1000;8;9
-976;9;10;9;82;9;10
-975;-1;1001;-1;1000;-1;11
-974;-1;1001;-1;1000;-1;11
-973;10;11;10;619;10;8
-972;-1;1001;-1;1000;-1;11
-971;-1;1001;-1;1000;-1;11
-970;11;12;-1;1000;11;10
-969;12;13;12;229;12;9
-968;13;14;13;133;13;10
-967;-1;1001;-1;1000;-1;11
-966;14;15;-1;1000;14;6
-965;-1;1001;-1;1000;-1;11
-964;15;16;-1;1000;15;10
-963;16;17;-1;1000;16;9
-962;17;18;17;574;17;10
-961;18;19;-1;1000;18;8
-960;19;20;19;241;19;10
-959;-1;1001;-1;1000;-1;11
-958;-1;1001;-1;1000;-1;11
-957;20;21;20;78;20;9
-956;-1;1001;-1;1000;-1;11
-955;-1;1001;-1;1000;-1;11
-954;-1;1001;-1;1000;-1;11
-953;-1;1001;-1;1000;-1;11
-952;21;22;21;101;21;10
-951;22;23;22;365;22;7
-950;-1;1001;-1;1000;-1;11
-949;-1;1001;-1;1000;-1;11
-948;23;24;-1;1000;23;10
-947;24;25;-1;1000;24;9
-946;25;26;25;202;25;10
-945;26;27;-1;1000;26;8
-944;-1;1001;-1;1000;-1;11
-943;-1;1001;-1;1000;-1;11
-942;27;28;27;472;27;10
-941;28;29;28;583;28;9
-940;29;30;29;402;29;10
-939;-1;1001;-1;1000;-1;11
-938;30;31;30;346;30;5
-937;31;32;-1;1000;31;9
-936;32;33;-1;1000;32;10
-935;33;34;33;232;33;8
-934;-1;1001;-1;1000;-1;11
-933;-1;1001;-1;1000;-1;11
-932;-1;1001;-1;1000;-1;11
-931;34;35;-1;1000;34;10
-930;-1;1001;-1;1000;-1;11
-929;35;36;35;754;35;9
-928;36;37;-1;1000;36;10
-927;37;38;37;77;37;7
-926;-1;1001;-1;1000;-1;11
-925;-1;1001;-1;1000;-1;11
-924;-1;1001;-1;1000;-1;11
-923;-1;1001;-1;1000;-1;11
-922;-1;1001;-1;1000;-1;11
-921;-1;1001;-1;1000;-1;11
-920;38;39;-1;1000;38;10
-919;39;40;-1;1000;39;9
-918;40;41;40;285;40;10
-917;41;42;41;629;41;8
-916;-1;1001;-1;1000;-1;11
-915;-1;1001;-1;1000;-1;11
-914;42;43;42;906;42;10
-913;43;44;43;8;43;9
-912;44;45;-1;1000;44;10
-911;45;46;-1;1000;45;6
-910;-1;1001;-1;1000;-1;11
-909;46;47;46;977;46;10
-908;-1;1001;-1;1000;-1;11
-907;47;48;-1;1000;47;9
-906;48;49;48;218;48;10
-905;49;50;49;145;49;8
-904;50;51;50;197;50;10
-903;51;52;-1;1000;51;9
-902;-1;1001;-1;1000;-1;11
-901;-1;1001;-1;1000;-1;11
-900;-1;1001;-1;1000;-1;11
-899;52;53;52;188;52;10
-898;53;54;-1;1000;53;7
-897;-1;1001;-1;1000;-1;11
-896;54;55;54;589;54;10
-895;-1;1001;-1;1000;-1;11
-894;-1;1001;-1;1000;-1;11
-893;55;56;-1;1000;55;9
-892;56;57;56;530;56;10
-891;57;58;-1;1000;57;8
-890;-1;1001;-1;1000;-1;11
-889;-1;1001;-1;1000;-1;11
-888;58;59;58;444;58;10
-887;59;60;-1;1000;59;9
-886;60;61;-1;1000;60;10
-885;-1;1001;-1;1000;-1;11
-884;-1;1001;-1;1000;-1;11
-883;-1;1001;-1;1000;-1;11
-882;-1;1001;-1;1000;-1;11
-881;-1;1001;-1;1000;-1;11
-880;61;62;61;456;61;4
-879;-1;1001;-1;1000;-1;10
-878;-1;1001;-1;1000;-1;10
-877;-1;1001;-1;1000;-1;10
-876;62;63;62;516;62;9
-875;63;64;-1;1000;63;10
-874;-1;1001;-1;1000;-1;11
-873;64;65;-1;1000;64;8
-872;-1;1001;-1;1000;-1;11
-871;65;66;-1;1000;65;10
-870;66;67;66;21;66;9
-869;67;68;-1;1000;67;10
-868;-1;1001;-1;1000;-1;11
-867;68;69;68;115;68;7
-866;69;70;69;587;69;10
-865;70;71;70;75;70;9
-864;71;72;71;422;71;10
-863;72;73;72;165;72;8
-862;-1;1001;-1;1000;-1;11
-861;-1;1001;-1;1000;-1;11
-860;-1;1001;-1;1000;-1;11
-859;73;74;-1;1000;73;10
-858;74;75;74;312;74;9
-857;-1;1001;-1;1000;-1;11
-856;-1;1001;-1;1000;-1;11
-855;-1;1001;-1;1000;-1;11
-854;75;76;75;512;75;10
-853;-1;1001;-1;1000;-1;11
-852;76;77;76;215;76;6
-851;-1;1001;-1;1000;-1;11
-850;-1;1001;-1;1000;-1;11
-849;77;78;-1;1000;77;10
-848;-1;1001;-1;1000;-1;11
-847;-1;1001;-1;1000;-1;11
-846;-1;1001;-1;1000;-1;11
-845;-1;1001;-1;1000;-1;11
-844;-1;1001;-1;1000;-1;11
-843;78;79;78;440;78;9
-842;-1;1001;-1;1000;-1;11
-841;79;80;79;471;79;10
-840;80;81;80;101;80;8
-839;81;82;81;219;81;10
-838;82;83;-1;1000;82;9
-837;83;84;-1;1000;83;10
-836;84;85;84;761;84;7
-835;85;86;85;373;85;10
-834;-1;1001;-1;1000;-1;11
-833;86;87;86;215;86;9
-832;87;88;-1;1000;87;10
-831;88;89;-1;1000;88;8
-830;89;90;89;617;89;10
-829;90;91;90;98;90;9
-828;91;92;91;826;91;10
-827;-1;1001;-1;1000;-1;11
-826;-1;1001;-1;1000;-1;11
-825;92;93;-1;1000;92;5
-824;93;94;93;559;93;10
-823;-1;1001;-1;1000;-1;11
-822;94;95;-1;1000;94;9
-821;-1;1001;-1;1000;-1;11
-820;-1;1001;-1;1000;-1;11
-819;95;96;-1;1000;95;10
-818;-1;1001;-1;1000;-1;11
-817;-1;1001;-1;1000;-1;11
-816;96;97;96;615;96;8
-815;-1;1001;-1;1000;-1;11
-814;-1;1001;-1;1000;-1;11
-813;97;98;97;47;97;10
-812;98;99;98;187;98;9
-811;-1;1001;-1;1000;-1;11
-810;99;100;-1;1000;99;10
-809;100;101;-1;1000;100;7
-808;101;102;-1;1000;101;10
-807;102;103;-1;1000;102;9
-806;-1;1001;-1;1000;-1;11
-805;-1;1001;-1;1000;-1;11
-804;-1;1001;-1;1000;-1;11
-803;-1;1001;-1;1000;-1;11
-802;-1;1001;-1;1000;-1;11
-801;-1;1001;-1;1000;-1;11
-800;103;104;-1;1000;103;10
-799;104;105;104;739;104;8
-798;-1;1001;-1;1000;-1;11
-797;105;106;105;895;105;10
-796;106;107;106;568;106;9
-795;-1;1001;-1;1000;-1;11
-794;107;108;-1;1000;107;10
-793;108;109;108;717;108;6
-792;-1;1001;-1;1000;-1;11
-791;-1;1001;-1;1000;-1;11
-790;109;110;-1;1000;109;10
-789;110;111;-1;1000;110;9
-788;-1;1001;-1;1000;-1;11
-787;111;112;-1;1000;111;10
-786;-1;1001;-1;1000;-1;11
-785;112;113;112;552;112;8
-784;113;114;113;159;113;10
-783;114;115;114;41;114;9
-782;-1;1001;-1;1000;-1;11
-781;115;116;-1;1000;115;10
-780;116;117;-1;1000;116;7
-779;117;118;117;850;117;10
-778;-1;1001;-1;1000;-1;11
-777;118;119;118;863;118;9
-776;-1;1001;-1;1000;-1;11
-775;119;120;119;190;119;10
-774;120;121;120;744;120;8
-773;121;122;121;818;121;10
-772;-1;1001;-1;1000;-1;11
-771;-1;1001;-1;1000;-1;11
-770;122;123;122;90;122;9
-769;-1;1001;-1;1000;-1;11
-768;123;124;123;140;123;10
-767;-1;1001;-1;1000;-1;11
-766;-1;1001;-1;1000;-1;11
-765;-1;1001;-1;1000;-1;11
-764;-1;1001;-1;1000;-1;11
-763;-1;1001;-1;1000;-1;11
-762;-1;1001;-1;1000;-1;11
-761;-1;1001;-1;1000;-1;11
-760;124;125;124;105;124;3
-759;-1;1001;-1;1000;-1;10
-758;125;126;125;178;125;9
-757;126;127;126;509;126;10
-756;-1;1001;-1;1000;-1;11
-755;-1;1001;-1;1000;-1;11
-754;-1;1001;-1;1000;-1;11
-753;-1;1001;-1;1000;-1;11
-752;127;128;127;793;127;8
-751;-1;1001;-1;1000;-1;11
-750;128;129;-1;1000;128;10
-749;-1;1001;-1;1000;-1;11
-748;129;130;-1;1000;129;9
-747;-1;1001;-1;1000;-1;11
-746;130;131;-1;1000;130;10
-745;-1;1001;-1;1000;-1;11
-744;131;132;131;809;131;7
-743;132;133;132;98;132;10
-742;133;134;133;838;133;9
-741;-1;1001;-1;1000;-1;11
-740;-1;1001;-1;1000;-1;11
-739;-1;1001;-1;1000;-1;11
-738;134;135;134;93;134;10
-737;135;136;-1;1000;135;8
-736;-1;1001;-1;1000;-1;11
-735;-1;1001;-1;1000;-1;11
-734;136;137;-1;1000;136;10
-733;-1;1001;-1;1000;-1;11
-732;-1;1001;-1;1000;-1;11
-731;137;138;137;101;137;9
-730;-1;1001;-1;1000;-1;11
-729;-1;1001;-1;1000;-1;11
-728;-1;1001;-1;1000;-1;11
-727;-1;1001;-1;1000;-1;11
-726;-1;1001;-1;1000;-1;11
-725;-1;1001;-1;1000;-1;11
-724;138;139;138;249;138;10
-723;139;140;139;115;139;6
-722;140;141;140;582;140;10
-721;-1;1001;-1;1000;-1;11
-720;141;142;141;937;141;9
-719;-1;1001;-1;1000;-1;11
-718;-1;1001;-1;1000;-1;11
-717;-1;1001;-1;1000;-1;11
-716;142;143;142;3;142;10
-715;-1;1001;-1;1000;-1;11
-714;-1;1001;-1;1000;-1;11
-713;143;144;143;419;143;8
-712;-1;1001;-1;1000;-1;11
-711;-1;1001;-1;1000;-1;11
-710;144;145;-1;1000;144;10
-709;145;146;145;115;145;9
-708;-1;1001;-1;1000;-1;11
-707;-1;1001;-1;1000;-1;11
-706;-1;1001;-1;1000;-1;11
-705;-1;1001;-1;1000;-1;11
-704;146;147;146;236;146;10
-703;-1;1001;-1;1000;-1;11
-702;-1;1001;-1;1000;-1;11
-701;-1;1001;-1;1000;-1;11
-700;147;148;-1;1000;147;7
-699;148;149;148;67;148;10
-698;-1;1001;-1;1000;-1;11
-697;-1;1001;-1;1000;-1;11
-696;149;150;-1;1000;149;9
-695;150;151;150;287;150;10
-694;-1;1001;-1;1000;-1;11
-693;151;152;-1;1000;151;8
-692;-1;1001;-1;1000;-1;11
-691;152;153;152;51;152;10
-690;153;154;153;910;153;9
-689;154;155;154;718;154;10
-688;-1;1001;-1;1000;-1;11
-687;-1;1001;-1;1000;-1;11
-686;-1;1001;-1;1000;-1;11
-685;155;156;155;242;155;5
-684;-1;1001;-1;1000;-1;10
-683;-1;1001;-1;1000;-1;10
-682;156;157;156;190;156;9
-681;157;158;-1;1000;157;10
-680;158;159;158;260;158;8
-679;-1;1001;-1;1000;-1;11
-678;159;160;159;72;159;10
-677;160;161;160;32;160;9
-676;-1;1001;-1;1000;-1;11
-675;161;162;-1;1000;161;10
-674;162;163;162;223;162;7
-673;-1;1001;-1;1000;-1;11
-672;-1;1001;-1;1000;-1;11
-671;163;164;163;126;163;10
-670;164;165;164;675;164;9
-669;165;166;-1;1000;165;10
-668;166;167;-1;1000;166;8
-667;167;168;167;403;167;10
-666;168;169;168;445;168;9
-665;-1;1001;-1;1000;-1;11
-664;-1;1001;-1;1000;-1;11
-663;-1;1001;-1;1000;-1;11
-662;169;170;169;113;169;10
-661;170;171;-1;1000;170;6
-660;171;172;171;38;171;10
-659;-1;1001;-1;1000;-1;11
-658;-1;1001;-1;1000;-1;11
-657;172;173;172;174;172;9
-656;173;174;173;27;173;10
-655;-1;1001;-1;1000;-1;11
-654;-1;1001;-1;1000;-1;11
-653;-1;1001;-1;1000;-1;11
-652;-1;1001;-1;1000;-1;11
-651;174;175;174;34;174;8
-650;175;176;175;323;175;10
-649;-1;1001;-1;1000;-1;11
-648;-1;1001;-1;1000;-1;11
-647;176;177;176;402;176;9
-646;-1;1001;-1;1000;-1;11
-645;177;178;177;526;177;10
-644;178;179;-1;1000;178;7
-643;-1;1001;-1;1000;-1;11
-642;-1;1001;-1;1000;-1;11
-641;179;180;179;728;179;10
-640;-1;1001;-1;1000;-1;11
-639;180;181;-1;1000;180;9
-638;181;182;181;301;181;10
-637;182;183;-1;1000;182;8
-636;183;184;183;72;183;10
-635;184;185;184;203;184;9
-634;185;186;-1;1000;185;10
-633;-1;1001;-1;1000;-1;11
-632;-1;1001;-1;1000;-1;11
-631;-1;1001;-1;1000;-1;11
-630;-1;1001;-1;1000;-1;11
-629;186;187;186;574;186;4
-628;187;188;187;438;187;9
-627;-1;1001;-1;1000;-1;11
-626;-1;1001;-1;1000;-1;11
-625;188;189;-1;1000;188;10
-624;-1;1001;-1;1000;-1;11
-623;-1;1001;-1;1000;-1;11
-622;-1;1001;-1;1000;-1;11
-621;189;190;-1;1000;189;8
-620;190;191;190;883;190;10
-619;-1;1001;-1;1000;-1;11
-618;-1;1001;-1;1000;-1;11
-617;-1;1001;-1;1000;-1;11
-616;-1;1001;-1;1000;-1;11
-615;191;192;191;669;191;9
-614;-1;1001;-1;1000;-1;11
-613;192;193;192;51;192;10
-612;193;194;193;848;193;7
-611;194;195;194;20;194;10
-610;-1;1001;-1;1000;-1;11
-609;195;196;-1;1000;195;9
-608;196;197;196;14;196;10
-607;197;198;197;609;197;8
-606;-1;1001;-1;1000;-1;11
-605;-1;1001;-1;1000;-1;11
-604;198;199;198;110;198;10
-603;199;200;199;635;199;9
-602;-1;1001;-1;1000;-1;11
-601;200;201;200;240;200;10
-600;201;202;-1;1000;201;6
-599;-1;1001;-1;1000;-1;11
-598;202;203;-1;1000;202;10
-597;-1;1001;-1;1000;-1;11
-596;-1;1001;-1;1000;-1;11
-595;203;204;203;36;203;9
-594;-1;1001;-1;1000;-1;11
-593;204;205;-1;1000;204;10
-592;-1;1001;-1;1000;-1;11
-591;-1;1001;-1;1000;-1;11
-590;-1;1001;-1;1000;-1;11
-589;-1;1001;-1;1000;-1;11
-588;-1;1001;-1;1000;-1;11
-587;-1;1001;-1;1000;-1;11
-586;-1;1001;-1;1000;-1;11
-585;205;206;-1;1000;205;8
-584;206;207;206;347;206;10
-583;-1;1001;-1;1000;-1;11
-582;-1;1001;-1;1000;-1;11
-581;207;208;207;259;207;9
-580;-1;1001;-1;1000;-1;11
-579;208;209;208;540;208;10
-578;-1;1001;-1;1000;-1;11
-577;209;210;209;410;209;7
-576;-1;1001;-1;1000;-1;11
-575;-1;1001;-1;1000;-1;11
-574;-1;1001;-1;1000;-1;11
-573;210;211;210;449;210;10
-572;211;212;211;38;211;9
-571;212;213;-1;1000;212;10
-570;213;214;213;527;213;8
-569;-1;1001;-1;1000;-1;11
-568;-1;1001;-1;1000;-1;11
-567;214;215;214;97;214;10
-566;215;216;215;239;215;9
-565;-1;1001;-1;1000;-1;11
-564;216;217;-1;1000;216;10
-563;217;218;217;54;217;5
-562;218;219;-1;1000;218;10
-561;-1;1001;-1;1000;-1;11
-560;-1;1001;-1;1000;-1;11
-559;219;220;219;198;219;9
-558;220;221;-1;1000;220;10
-557;-1;1001;-1;1000;-1;11
-556;221;222;-1;1000;221;8
-555;222;223;-1;1000;222;10
-554;223;224;-1;1000;223;9
-553;-1;1001;-1;1000;-1;11
-552;224;225;224;695;224;10
-551;-1;1001;-1;1000;-1;11
-550;-1;1001;-1;1000;-1;11
-549;-1;1001;-1;1000;-1;11
-548;-1;1001;-1;1000;-1;11
-547;225;226;225;560;225;7
-546;-1;1001;-1;1000;-1;11
-545;226;227;226;76;226;10
-544;-1;1001;-1;1000;-1;11
-543;227;228;227;331;227;9
-542;-1;1001;-1;1000;-1;11
-541;228;229;228;46;228;10
-540;-1;1001;-1;1000;-1;11
-539;229;230;229;858;229;8
-538;230;231;-1;1000;230;10
-537;231;232;231;285;231;9
-536;-1;1001;-1;1000;-1;11
-535;232;233;232;562;232;10
-534;-1;1001;-1;1000;-1;11
-533;233;234;233;574;233;6
-532;234;235;-1;1000;234;10
-531;-1;1001;-1;1000;-1;11
-530;235;236;235;5;235;9
-529;236;237;236;322;236;10
-528;-1;1001;-1;1000;-1;11
-527;237;238;237;65;237;8
-526;238;239;-1;1000;238;10
-525;-1;1001;-1;1000;-1;11
-524;-1;1001;-1;1000;-1;11
-523;239;240;239;677;239;9
-522;240;241;-1;1000;240;10
-521;-1;1001;-1;1000;-1;11
-520;241;242;241;234;241;7
-519;242;243;242;195;242;10
-518;243;244;-1;1000;243;9
-517;244;245;244;175;244;10
-516;-1;1001;-1;1000;-1;11
-515;245;246;245;746;245;8
-514;-1;1001;-1;1000;-1;11
-513;246;247;-1;1000;246;10
-512;-1;1001;-1;1000;-1;11
-511;247;248;-1;1000;247;9
-510;-1;1001;-1;1000;-1;11
-509;248;249;248;463;248;10
-508;-1;1001;-1;1000;-1;11
-507;-1;1001;-1;1000;-1;11
-506;249;250;-1;1000;249;2
-505;250;251;250;738;250;9
-504;-1;1001;-1;1000;-1;11
-503;-1;1001;-1;1000;-1;11
-502;251;252;251;281;251;10
-501;-1;1001;-1;1000;-1;11
-500;252;253;252;762;252;8
-499;253;254;-1;1000;253;10
-498;-1;1001;-1;1000;-1;11
-497;-1;1001;-1;1000;-1;11
-496;254;255;254;607;254;9
-495;-1;1001;-1;1000;-1;11
-494;255;256;-1;1000;255;10
-493;256;257;256;21;256;7
-492;257;258;257;998;257;10
-491;-1;1001;-1;1000;-1;11
-490;-1;1001;-1;1000;-1;11
-489;-1;1001;-1;1000;-1;11
-488;258;259;-1;1000;258;9
-487;-1;1001;-1;1000;-1;11
-486;-1;1001;-1;1000;-1;11
-485;-1;1001;-1;1000;-1;11
-484;-1;1001;-1;1000;-1;11
-483;259;260;-1;1000;259;10
-482;-1;1001;-1;1000;-1;11
-481;-1;1001;-1;1000;-1;11
-480;260;261;260;397;260;8
-479;-1;1001;-1;1000;-1;11
-478;261;262;261;880;261;10
-477;262;263;-1;1000;262;9
-476;-1;1001;-1;1000;-1;11
-475;263;264;263;90;263;10
-474;-1;1001;-1;1000;-1;11
-473;264;265;264;408;264;6
-472;265;266;-1;1000;265;10
-471;266;267;266;339;266;9
-470;267;268;267;226;267;10
-469;-1;1001;-1;1000;-1;11
-468;268;269;268;705;268;8
-467;-1;1001;-1;1000;-1;11
-466;-1;1001;-1;1000;-1;11
-465;-1;1001;-1;1000;-1;11
-464;269;270;-1;1000;269;10
-463;270;271;270;89;270;9
-462;271;272;-1;1000;271;10
-461;-1;1001;-1;1000;-1;11
-460;272;273;272;218;272;7
-459;273;274;273;339;273;10
-458;274;275;-1;1000;274;9
-457;275;276;275;426;275;10
-456;276;277;276;768;276;8
-455;277;278;-1;1000;277;10
-454;-1;1001;-1;1000;-1;11
-453;278;279;-1;1000;278;9
-452;279;280;-1;1000;279;10
-451;-1;1001;-1;1000;-1;11
-450;-1;1001;-1;1000;-1;11
-449;280;281;280;115;280;5
-448;281;282;281;44;281;9
-447;-1;1001;-1;1000;-1;11
-446;282;283;282;602;282;10
-445;-1;1001;-1;1000;-1;11
-444;283;284;-1;1000;283;8
-443;-1;1001;-1;1000;-1;11
-442;284;285;284;405;284;10
-441;285;286;285;517;285;9
-440;-1;1001;-1;1000;-1;11
-439;-1;1001;-1;1000;-1;11
-438;286;287;286;820;286;10
-437;-1;1001;-1;1000;-1;11
-436;287;288;287;648;287;7
-435;288;289;-1;1000;288;10
-434;-1;1001;-1;1000;-1;11
-433;289;290;289;415;289;9
-432;-1;1001;-1;1000;-1;11
-431;290;291;290;873;290;10
-430;-1;1001;-1;1000;-1;11
-429;-1;1001;-1;1000;-1;11
-428;-1;1001;-1;1000;-1;11
-427;291;292;291;495;291;8
-426;-1;1001;-1;1000;-1;11
-425;-1;1001;-1;1000;-1;11
-424;292;293;292;567;292;10
-423;293;294;-1;1000;293;9
-422;294;295;-1;1000;294;10
-421;295;296;-1;1000;295;6
-420;-1;1001;-1;1000;-1;11
-419;-1;1001;-1;1000;-1;11
-418;-1;1001;-1;1000;-1;11
-417;-1;1001;-1;1000;-1;11
-416;296;297;296;35;296;10
-415;-1;1001;-1;1000;-1;11
-414;297;298;297;907;297;9
-413;-1;1001;-1;1000;-1;11
-412;-1;1001;-1;1000;-1;11
-411;298;299;298;616;298;10
-410;-1;1001;-1;1000;-1;11
-409;299;300;-1;1000;299;8
-408;300;301;-1;1000;300;10
-407;-1;1001;-1;1000;-1;11
-406;-1;1001;-1;1000;-1;11
-405;301;302;-1;1000;301;9
-404;-1;1001;-1;1000;-1;11
-403;302;303;-1;1000;302;10
-402;-1;1001;-1;1000;-1;11
-401;-1;1001;-1;1000;-1;11
-400;303;304;303;281;303;7
-399;-1;1001;-1;1000;-1;11
-398;-1;1001;-1;1000;-1;11
-397;304;305;-1;1000;304;10
-396;305;306;305;25;305;9
-395;306;307;306;87;306;10
-394;-1;1001;-1;1000;-1;11
-393;307;308;307;358;307;8
-392;308;309;-1;1000;308;10
-391;-1;1001;-1;1000;-1;11
-390;-1;1001;-1;1000;-1;11
-389;309;310;-1;1000;309;9
-388;310;311;-1;1000;310;10
-387;-1;1001;-1;1000;-1;11
-386;-1;1001;-1;1000;-1;11
-385;-1;1001;-1;1000;-1;11
-384;311;312;-1;1000;311;4
-383;312;313;312;757;312;9
-382;-1;1001;-1;1000;-1;11
-381;-1;1001;-1;1000;-1;11
-380;313;314;313;217;313;10
-379;314;315;314;206;314;8
-378;315;316;-1;1000;315;10
-377;-1;1001;-1;1000;-1;11
-376;316;317;316;11;316;9
-375;-1;1001;-1;1000;-1;11
-374;317;318;317;61;317;10
-373;318;319;318;30;318;7
-372;319;320;319;331;319;10
-371;-1;1001;-1;1000;-1;11
-370;320;321;-1;1000;320;9
-369;321;322;321;269;321;10
-368;-1;1001;-1;1000;-1;11
-367;322;323;322;613;322;8
-366;-1;1001;-1;1000;-1;11
-365;323;324;323;135;323;10
-364;324;325;324;589;324;9
-363;-1;1001;-1;1000;-1;11
-362;-1;1001;-1;1000;-1;11
-361;-1;1001;-1;1000;-1;11
-360;325;326;325;531;325;10
-359;-1;1001;-1;1000;-1;11
-358;-1;1001;-1;1000;-1;11
-357;-1;1001;-1;1000;-1;11
-356;326;327;326;200;326;6
-355;327;328;327;548;327;10
-354;-1;1001;-1;1000;-1;11
-353;328;329;328;339;328;9
-352;329;330;-1;1000;329;10
-351;-1;1001;-1;1000;-1;11
-350;-1;1001;-1;1000;-1;11
-349;330;331;-1;1000;330;8
-348;331;332;331;57;331;10
-347;-1;1001;-1;1000;-1;11
-346;332;333;-1;1000;332;9
-345;333;334;333;50;333;10
-344;-1;1001;-1;1000;-1;11
-343;334;335;334;811;334;7
-342;335;336;335;50;335;10
-341;-1;1001;-1;1000;-1;11
-340;-1;1001;-1;1000;-1;11
-339;336;337;336;97;336;9
-338;-1;1001;-1;1000;-1;11
-337;-1;1001;-1;1000;-1;11
-336;-1;1001;-1;1000;-1;11
-335;337;338;337;234;337;10
-334;338;339;-1;1000;338;8
-333;-1;1001;-1;1000;-1;11
-332;-1;1001;-1;1000;-1;11
-331;-1;1001;-1;1000;-1;11
-330;-1;1001;-1;1000;-1;11
-329;-1;1001;-1;1000;-1;11
-328;339;340;339;191;339;10
-327;-1;1001;-1;1000;-1;11
-326;340;341;340;628;340;9
-325;-1;1001;-1;1000;-1;11
-324;341;342;341;898;341;10
-323;-1;1001;-1;1000;-1;11
-322;-1;1001;-1;1000;-1;11
-321;342;343;342;126;342;5
-320;-1;1001;-1;1000;-1;11
-319;-1;1001;-1;1000;-1;11
-318;-1;1001;-1;1000;-1;11
-317;-1;1001;-1;1000;-1;11
-316;343;344;343;472;343;10
-315;-1;1001;-1;1000;-1;11
-314;344;345;344;117;344;9
-313;-1;1001;-1;1000;-1;11
-312;-1;1001;-1;1000;-1;11
-311;-1;1001;-1;1000;-1;11
-310;-1;1001;-1;1000;-1;11
-309;-1;1001;-1;1000;-1;11
-308;-1;1001;-1;1000;-1;11
-307;345;346;345;68;345;10
-306;-1;1001;-1;1000;-1;11
-305;346;347;346;571;346;8
-304;-1;1001;-1;1000;-1;11
-303;-1;1001;-1;1000;-1;11
-302;-1;1001;-1;1000;-1;11
-301;347;348;-1;1000;347;10
-300;-1;1001;-1;1000;-1;11
-299;-1;1001;-1;1000;-1;11
-298;348;349;348;89;348;9
-297;-1;1001;-1;1000;-1;11
-296;349;350;349;753;349;10
-295;350;351;350;934;350;7
-294;-1;1001;-1;1000;-1;11
-293;351;352;-1;1000;351;10
-292;352;353;352;207;352;9
-291;353;354;-1;1000;353;10
-290;354;355;-1;1000;354;8
-289;355;356;355;247;355;10
-288;356;357;356;288;356;9
-287;-1;1001;-1;1000;-1;11
-286;-1;1001;-1;1000;-1;11
-285;357;358;357;431;357;10
-284;358;359;358;741;358;6
-283;-1;1001;-1;1000;-1;11
-282;359;360;-1;1000;359;10
-281;-1;1001;-1;1000;-1;11
-280;-1;1001;-1;1000;-1;11
-279;-1;1001;-1;1000;-1;11
-278;-1;1001;-1;1000;-1;11
-277;360;361;360;103;360;9
-276;361;362;361;210;361;10
-275;362;363;-1;1000;362;8
-274;363;364;363;387;363;10
-273;-1;1001;-1;1000;-1;11
-272;364;365;364;35;364;9
-271;-1;1001;-1;1000;-1;11
-270;365;366;365;14;365;10
-269;-1;1001;-1;1000;-1;11
-268;-1;1001;-1;1000;-1;11
-267;366;367;366;293;366;7
-266;-1;1001;-1;1000;-1;11
-265;367;368;367;668;367;10
-264;368;369;368;617;368;9
-263;369;370;369;561;369;10
-262;-1;1001;-1;1000;-1;11
-261;-1;1001;-1;1000;-1;11
-260;370;371;-1;1000;370;8
-259;371;372;-1;1000;371;10
-258;372;373;372;488;372;9
-257;-1;1001;-1;1000;-1;11
-256;373;374;373;462;373;10
-255;-1;1001;-1;1000;-1;11
-254;-1;1001;-1;1000;-1;11
-253;-1;1001;-1;1000;-1;11
-252;-1;1001;-1;1000;-1;11
-251;-1;1001;-1;1000;-1;11
-250;374;375;374;8;374;3
-249;375;376;375;59;375;9
-248;376;377;-1;1000;376;10
-247;377;378;377;332;377;8
-246;378;379;378;336;378;10
-245;-1;1001;-1;1000;-1;11
-244;-1;1001;-1;1000;-1;11
-243;379;380;379;521;379;9
-242;380;381;380;286;380;10
-241;381;382;381;149;381;7
-240;-1;1001;-1;1000;-1;11
-239;382;383;382;99;382;10
-238;383;384;383;510;383;9
-237;-1;1001;-1;1000;-1;11
-236;-1;1001;-1;1000;-1;11
-235;384;385;-1;1000;384;10
-234;-1;1001;-1;1000;-1;11
-233;-1;1001;-1;1000;-1;11
-232;-1;1001;-1;1000;-1;11
-231;385;386;-1;1000;385;8
-230;-1;1001;-1;1000;-1;11
-229;-1;1001;-1;1000;-1;11
-228;-1;1001;-1;1000;-1;11
-227;386;387;386;369;386;10
-226;-1;1001;-1;1000;-1;11
-225;-1;1001;-1;1000;-1;11
-224;387;388;387;670;387;9
-223;-1;1001;-1;1000;-1;11
-222;388;389;388;99;388;10
-221;389;390;389;318;389;6
-220;-1;1001;-1;1000;-1;11
-219;390;391;390;936;390;10
-218;-1;1001;-1;1000;-1;11
-217;391;392;391;622;391;9
-216;392;393;-1;1000;392;10
-215;393;394;-1;1000;393;8
-214;394;395;394;460;394;10
-213;395;396;395;856;395;9
-212;396;397;-1;1000;396;10
-211;397;398;397;99;397;7
-210;398;399;398;54;398;10
-209;399;400;-1;1000;399;9
-208;400;401;400;997;400;10
-207;-1;1001;-1;1000;-1;11
-206;-1;1001;-1;1000;-1;11
-205;-1;1001;-1;1000;-1;11
-204;401;402;401;624;401;8
-203;402;403;402;48;402;10
-202;-1;1001;-1;1000;-1;11
-201;-1;1001;-1;1000;-1;11
-200;403;404;-1;1000;403;9
-199;-1;1001;-1;1000;-1;11
-198;404;405;404;877;404;10
-197;405;406;405;475;405;5
-196;406;407;406;201;406;9
-195;407;408;407;630;407;10
-194;408;409;408;309;408;8
-193;-1;1001;-1;1000;-1;11
-192;409;410;409;522;409;10
-191;410;411;410;225;410;9
-190;-1;1001;-1;1000;-1;11
-189;411;412;-1;1000;411;10
-188;412;413;-1;1000;412;7
-187;413;414;413;558;413;10
-186;-1;1001;-1;1000;-1;11
-185;-1;1001;-1;1000;-1;11
-184;-1;1001;-1;1000;-1;11
-183;-1;1001;-1;1000;-1;11
-182;-1;1001;-1;1000;-1;11
-181;-1;1001;-1;1000;-1;11
-180;414;415;-1;1000;414;9
-179;-1;1001;-1;1000;-1;11
-178;-1;1001;-1;1000;-1;11
-177;415;416;415;291;415;10
-176;416;417;416;745;416;8
-175;-1;1001;-1;1000;-1;11
-174;-1;1001;-1;1000;-1;11
-173;417;418;-1;1000;417;10
-172;418;419;418;262;418;9
-171;-1;1001;-1;1000;-1;11
-170;419;420;419;310;419;10
-169;-1;1001;-1;1000;-1;11
-168;-1;1001;-1;1000;-1;11
-167;420;421;420;219;420;6
-166;421;422;421;207;421;10
-165;-1;1001;-1;1000;-1;11
-164;-1;1001;-1;1000;-1;11
-163;422;423;-1;1000;422;9
-162;-1;1001;-1;1000;-1;11
-161;423;424;-1;1000;423;10
-160;424;425;424;282;424;8
-159;-1;1001;-1;1000;-1;11
-158;425;426;425;23;425;10
-157;426;427;426;226;426;9
-156;-1;1001;-1;1000;-1;11
-155;-1;1001;-1;1000;-1;11
-154;-1;1001;-1;1000;-1;11
-153;-1;1001;-1;1000;-1;11
-152;-1;1001;-1;1000;-1;11
-151;427;428;-1;1000;427;10
-150;-1;1001;-1;1000;-1;11
-149;428;429;428;844;428;7
-148;-1;1001;-1;1000;-1;11
-147;-1;1001;-1;1000;-1;11
-146;-1;1001;-1;1000;-1;11
-145;429;430;-1;1000;429;10
-144;430;431;-1;1000;430;9
-143;-1;1001;-1;1000;-1;11
-142;-1;1001;-1;1000;-1;11
-141;431;432;431;468;431;10
-140;432;433;-1;1000;432;8
-139;433;434;-1;1000;433;10
-138;-1;1001;-1;1000;-1;11
-137;434;435;434;392;434;9
-136;435;436;435;783;435;10
-135;436;437;-1;1000;436;4
-134;437;438;437;574;437;9
-133;-1;1001;-1;1000;-1;11
-132;438;439;-1;1000;438;10
-131;-1;1001;-1;1000;-1;11
-130;439;440;439;622;439;8
-129;440;441;440;129;440;10
-128;-1;1001;-1;1000;-1;11
-127;-1;1001;-1;1000;-1;11
-126;441;442;441;87;441;9
-125;-1;1001;-1;1000;-1;11
-124;-1;1001;-1;1000;-1;11
-123;442;443;-1;1000;442;10
-122;443;444;443;332;443;7
-121;-1;1001;-1;1000;-1;11
-120;444;445;444;81;444;10
-119;445;446;445;447;445;9
-118;446;447;446;732;446;10
-117;-1;1001;-1;1000;-1;11
-116;447;448;447;12;447;8
-115;448;449;448;16;448;10
-114;-1;1001;-1;1000;-1;11
-113;-1;1001;-1;1000;-1;11
-112;449;450;-1;1000;449;9
-111;-1;1001;-1;1000;-1;11
-110;450;451;450;49;450;10
-109;451;452;451;150;451;6
-108;-1;1001;-1;1000;-1;11
-107;452;453;452;117;452;10
-106;-1;1001;-1;1000;-1;11
-105;453;454;-1;1000;453;9
-104;-1;1001;-1;1000;-1;11
-103;-1;1001;-1;1000;-1;11
-102;454;455;-1;1000;454;10
-101;455;456;-1;1000;455;8
-100;456;457;-1;1000;456;10
-99;457;458;457;542;457;9
-98;-1;1001;-1;1000;-1;11
-97;458;459;458;121;458;10
-96;-1;1001;-1;1000;-1;11
-95;459;460;459;379;459;7
-94;-1;1001;-1;1000;-1;11
-93;460;461;-1;1000;460;10
-92;-1;1001;-1;1000;-1;11
-91;-1;1001;-1;1000;-1;11
-90;461;462;461;28;461;9
-89;-1;1001;-1;1000;-1;11
-88;-1;1001;-1;1000;-1;11
-87;-1;1001;-1;1000;-1;11
-86;-1;1001;-1;1000;-1;11
-85;-1;1001;-1;1000;-1;11
-84;-1;1001;-1;1000;-1;11
-83;-1;1001;-1;1000;-1;11
-82;462;463;462;504;462;10
-81;-1;1001;-1;1000;-1;11
-80;-1;1001;-1;1000;-1;11
-79;-1;1001;-1;1000;-1;11
-78;-1;1001;-1;1000;-1;11
-77;463;464;463;651;463;8
-76;-1;1001;-1;1000;-1;11
-75;-1;1001;-1;1000;-1;11
-74;-1;1001;-1;1000;-1;11
-73;-1;1001;-1;1000;-1;11
-72;-1;1001;-1;1000;-1;11
-71;-1;1001;-1;1000;-1;11
-70;464;465;-1;1000;464;10
-69;-1;1001;-1;1000;-1;11
-68;465;466;-1;1000;465;9
-67;-1;1001;-1;1000;-1;11
-66;466;467;466;59;466;10
-65;467;468;467;391;467;5
-64;-1;1001;-1;1000;-1;11
-63;-1;1001;-1;1000;-1;11
-62;-1;1001;-1;1000;-1;11
-61;-1;1001;-1;1000;-1;11
-60;-1;1001;-1;1000;-1;11
-59;-1;1001;-1;1000;-1;11
-58;468;469;-1;1000;468;10
-57;-1;1001;-1;1000;-1;11
-56;-1;1001;-1;1000;-1;11
-55;-1;1001;-1;1000;-1;11
-54;469;470;469;201;469;9
-53;-1;1001;-1;1000;-1;11
-52;-1;1001;-1;1000;-1;11
-51;470;471;-1;1000;470;10
-50;-1;1001;-1;1000;-1;11
-49;-1;1001;-1;1000;-1;11
-48;-1;1001;-1;1000;-1;11
-47;-1;1001;-1;1000;-1;11
-46;471;472;-1;1000;471;8
-45;-1;1001;-1;1000;-1;11
-44;472;473;-1;1000;472;10
-43;-1;1001;-1;1000;-1;11
-42;473;474;-1;1000;473;9
-41;-1;1001;-1;1000;-1;11
-40;-1;1001;-1;1000;-1;11
-39;474;475;-1;1000;474;10
-38;-1;1001;-1;1000;-1;11
-37;475;476;-1;1000;475;7
-36;476;477;-1;1000;476;10
-35;477;478;-1;1000;477;9
-34;-1;1001;-1;1000;-1;11
-33;-1;1001;-1;1000;-1;11
-32;478;479;-1;1000;478;10
-31;479;480;479;172;479;8
-30;480;481;-1;1000;480;10
-29;-1;1001;-1;1000;-1;11
-28;481;482;481;540;481;9
-27;482;483;-1;1000;482;10
-26;-1;1001;-1;1000;-1;11
-25;-1;1001;-1;1000;-1;11
-24;483;484;483;303;483;6
-23;484;485;484;835;484;10
-22;-1;1001;-1;1000;-1;11
-21;-1;1001;-1;1000;-1;11
-20;485;486;485;443;485;9
-19;486;487;486;90;486;10
-18;487;488;487;191;487;8
-17;-1;1001;-1;1000;-1;11
-16;488;489;488;241;488;10
-15;-1;1001;-1;1000;-1;11
-14;489;490;489;509;489;9
-13;-1;1001;-1;1000;-1;11
-12;-1;1001;-1;1000;-1;11
-11;490;491;490;751;490;10
-10;491;492;491;375;491;7
-9;492;493;-1;1000;492;10
-8;493;494;-1;1000;493;9
-7;-1;1001;-1;1000;-1;11
-6;-1;1001;-1;1000;-1;11
-5;-1;1001;-1;1000;-1;11
-4;494;495;494;956;494;10
-3;-1;1001;-1;1000;-1;11
-2;-1;1001;-1;1000;-1;11
-1;-1;1001;-1;1000;-1;11
0;495;496;-1;1000;495;8
1;496;497;496;647;496;10
2;-1;1001;-1;1000;-1;11
3;497;498;-1;1000;497;9
4;-1;1001;-1;1000;-1;11
5;498;499;498;32;498;10
6;-1;1001;-1;1000;-1;11
7;499;500;499;535;499;1
8;500;501;500;562;500;9
9;-1;1001;-1;1000;-1;11
10;-1;1001;-1;1000;-1;11
11;501;502;-1;1000;501;10
12;502;503;502;437;502;8
13;-1;1001;-1;1000;-1;11
14;-1;1001;-1;1000;-1;11
15;503;504;503;77;503;10
16;-1;1001;-1;1000;-1;11
17;-1;1001;-1;1000;-1;11
18;504;505;504;76;504;9
19;505;506;505;246;505;10
20;-1;1001;-1;1000;-1;11
21;506;507;-1;1000;506;7
22;507;508;507;596;507;10
23;508;509;508;153;508;9
24;509;510;509;89;509;10
25;510;511;510;28;510;8
26;511;512;511;124;511;10
27;512;513;-1;1000;512;9
28;-1;1001;-1;1000;-1;11
29;-1;1001;-1;1000;-1;11
30;-1;1001;-1;1000;-1;11
31;513;514;-1;1000;513;10
32;514;515;-1;1000;514;6
33;515;516;515;244;515;10
34;-1;1001;-1;1000;-1;11
35;516;517;516;548;516;9
36;-1;1001;-1;1000;-1;11
37;517;518;-1;1000;517;10
38;-1;1001;-1;1000;-1;11
39;518;519;518;167;518;8
40;-1;1001;-1;1000;-1;11
41;519;520;519;172;519;10
42;-1;1001;-1;1000;-1;11
43;520;521;-1;1000;520;9
44;-1;1001;-1;1000;-1;11
45;-1;1001;-1;1000;-1;11
46;-1;1001;-1;1000;-1;11
47;-1;1001;-1;1000;-1;11
48;-1;1001;-1;1000;-1;11
49;-1;1001;-1;1000;-1;11
50;521;522;521;525;521;10
51;522;523;522;436;522;7
52;523;524;523;473;523;10
53;-1;1001;-1;1000;-1;11
54;524;525;524;219;524;9
55;-1;1001;-1;1000;-1;11
56;-1;1001;-1;1000;-1;11
57;525;526;525;897;525;10
58;-1;1001;-1;1000;-1;11
59;526;527;-1;1000;526;8
60;527;528;-1;1000;527;10
61;-1;1001;-1;1000;-1;11
62;528;529;-1;1000;528;9
63;-1;1001;-1;1000;-1;11
64;-1;1001;-1;1000;-1;11
65;529;530;529;408;529;10
66;530;531;-1;1000;530;5
67;531;532;-1;1000;531;9
68;532;533;-1;1000;532;10
69;-1;1001;-1;1000;-1;11
70;-1;1001;-1;1000;-1;11
71;-1;1001;-1;1000;-1;11
72;-1;1001;-1;1000;-1;11
73;-1;1001;-1;1000;-1;11
74;-1;1001;-1;1000;-1;11
75;533;534;533;448;533;8
76;534;535;534;603;534;10
77;535;536;-1;1000;535;9
78;-1;1001;-1;1000;-1;11
79;-1;1001;-1;1000;-1;11
80;-1;1001;-1;1000;-1;11
81;-1;1001;-1;1000;-1;11
82;-1;1001;-1;1000;-1;11
83;536;537;536;626;536;10
84;-1;1001;-1;1000;-1;11
85;-1;1001;-1;1000;-1;11
86;537;538;537;547;537;7
87;-1;1001;-1;1000;-1;11
88;-1;1001;-1;1000;-1;11
89;-1;1001;-1;1000;-1;11
90;-1;1001;-1;1000;-1;11
91;538;539;538;566;538;10
92;539;540;539;97;539;9
93;-1;1001;-1;1000;-1;11
94;540;541;540;12;540;10
95;541;542;541;654;541;8
96;542;543;-1;1000;542;10
97;543;544;543;368;543;9
98;-1;1001;-1;1000;-1;11
99;-1;1001;-1;1000;-1;11
100;-1;1001;-1;1000;-1;11
101;544;545;-1;1000;544;10
102;-1;1001;-1;1000;-1;11
103;545;546;545;31;545;6
104;546;547;546;404;546;10
105;-1;1001;-1;1000;-1;11
106;547;548;-1;1000;547;9
107;-1;1001;-1;1000;-1;11
108;-1;1001;-1;1000;-1;11
109;-1;1001;-1;1000;-1;11
110;-1;1001;-1;1000;-1;11
111;548;549;548;676;548;10
112;-1;1001;-1;1000;-1;11
113;-1;1001;-1;1000;-1;11
114;-1;1001;-1;1000;-1;11
115;549;550;549;166;549;8
116;550;551;-1;1000;550;10
117;-1;1001;-1;1000;-1;11
118;551;552;551;833;551;9
119;-1;1001;-1;1000;-1;11
120;552;553;552;798;552;10
121;553;554;553;383;553;7
122;-1;1001;-1;1000;-1;11
123;-1;1001;-1;1000;-1;11
124;554;555;554;31;554;10
125;555;556;555;721;555;9
126;-1;1001;-1;1000;-1;11
127;556;557;556;262;556;10
128;557;558;557;93;557;8
129;558;559;558;356;558;10
130;559;560;-1;1000;559;9
131;560;561;-1;1000;560;10
132;-1;1001;-1;1000;-1;11
133;561;562;561;30;561;4
134;-1;1001;-1;1000;-1;10
135;562;563;562;520;562;9
136;563;564;563;13;563;10
137;564;565;564;78;564;8
138;-1;1001;-1;1000;-1;11
139;-1;1001;-1;1000;-1;11
140;565;566;565;730;565;10
141;-1;1001;-1;1000;-1;11
142;566;567;566;817;566;9
143;-1;1001;-1;1000;-1;11
144;567;568;567;725;567;10
145;568;569;568;828;568;7
146;-1;1001;-1;1000;-1;11
147;-1;1001;-1;1000;-1;11
148;569;570;569;197;569;10
149;-1;1001;-1;1000;-1;11
150;-1;1001;-1;1000;-1;11
151;570;571;570;45;570;9
152;571;572;-1;1000;571;10
153;572;573;-1;1000;572;8
154;573;574;573;802;573;10
155;-1;1001;-1;1000;-1;11
156;-1;1001;-1;1000;-1;11
157;-1;1001;-1;1000;-1;11
158;-1;1001;-1;1000;-1;11
159;574;575;-1;1000;574;9
160;575;576;575;948;575;10
161;-1;1001;-1;1000;-1;11
162;-1;1001;-1;1000;-1;11
163;576;577;576;306;576;6
164;577;578;-1;1000;577;10
165;578;579;578;285;578;9
166;-1;1001;-1;1000;-1;11
167;-1;1001;-1;1000;-1;11
168;579;580;579;132;579;10
169;-1;1001;-1;1000;-1;11
170;580;581;-1;1000;580;8
171;-1;1001;-1;1000;-1;11
172;-1;1001;-1;1000;-1;11
173;581;582;-1;1000;581;10
174;-1;1001;-1;1000;-1;11
175;582;583;-1;1000;582;9
176;583;584;583;609;583;10
177;-1;1001;-1;1000;-1;11
178;-1;1001;-1;1000;-1;11
179;584;585;584;521;584;7
180;-1;1001;-1;1000;-1;11
181;-1;1001;-1;1000;-1;11
182;-1;1001;-1;1000;-1;11
183;-1;1001;-1;1000;-1;11
184;-1;1001;-1;1000;-1;11
185;-1;1001;-1;1000;-1;11
186;-1;1001;-1;1000;-1;11
187;-1;1001;-1;1000;-1;11
188;585;586;585;222;585;10
189;-1;1001;-1;1000;-1;11
190;-1;1001;-1;1000;-1;11
191;586;587;586;815;586;9
192;-1;1001;-1;1000;-1;11
193;-1;1001;-1;1000;-1;11
194;587;588;587;527;587;10
195;588;589;588;112;588;8
196;589;590;589;682;589;10
197;-1;1001;-1;1000;-1;11
198;590;591;590;237;590;9
199;591;592;591;571;591;10
200;592;593;592;756;592;5
201;593;594;-1;1000;593;10
202;-1;1001;-1;1000;-1;11
203;-1;1001;-1;1000;-1;11
204;594;595;-1;1000;594;9
205;-1;1001;-1;1000;-1;11
206;-1;1001;-1;1000;-1;11
207;595;596;595;325;595;10
208;-1;1001;-1;1000;-1;11
209;-1;1001;-1;1000;-1;11
210;596;597;596;462;596;8
211;-1;1001;-1;1000;-1;11
212;597;598;597;412;597;10
213;598;599;598;18;598;9
214;599;600;599;211;599;10
215;-1;1001;-1;1000;-1;11
216;-1;1001;-1;1000;-1;11
217;-1;1001;-1;1000;-1;11
218;-1;1001;-1;1000;-1;11
219;600;601;600;27;600;7
220;601;602;601;553;601;10
221;-1;1001;-1;1000;-1;11
222;602;603;602;215;602;9
223;-1;1001;-1;1000;-1;11
224;-1;1001;-1;1000;-1;11
225;603;604;603;29;603;10
226;-1;1001;-1;1000;-1;11
227;604;605;604;887;604;8
228;-1;1001;-1;1000;-1;11
229;605;606;-1;1000;605;10
230;-1;1001;-1;1000;-1;11
231;-1;1001;-1;1000;-1;11
232;-1;1001;-1;1000;-1;11
233;-1;1001;-1;1000;-1;11
234;606;607;-1;1000;606;9
235;-1;1001;-1;1000;-1;11
236;607;608;-1;1000;607;10
237;608;609;608;579;608;6
238;609;610;609;978;609;10
239;-1;1001;-1;1000;-1;11
240;610;611;-1;1000;610;9
241;611;612;-1;1000;611;10
242;-1;1001;-1;1000;-1;11
243;612;613;-1;1000;612;8
244;-1;1001;-1;1000;-1;11
245;613;614;-1;1000;613;10
246;-1;1001;-1;1000;-1;11
247;-1;1001;-1;1000;-1;11
248;-1;1001;-1;1000;-1;11
249;614;615;-1;1000;614;9
250;615;616;615;4;615;10
251;616;617;616;930;616;7
252;-1;1001;-1;1000;-1;11
253;617;618;617;1000;617;10
254;618;619;618;70;618;9
255;619;620;619;383;619;10
256;620;621;620;78;620;8
257;621;622;621;145;621;10
258;622;623;622;397;622;9
259;623;624;623;171;623;10
260;624;625;624;825;624;3
261;-1;1001;-1;1000;-1;10
262;-1;1001;-1;1000;-1;10
263;625;626;-1;1000;625;9
264;-1;1001;-1;1000;-1;11
265;626;627;626;590;626;10
266;627;628;627;217;627;8
267;628;629;628;649;628;10
268;629;630;629;733;629;9
269;630;631;630;443;630;10
270;631;632;-1;1000;631;7
271;632;633;632;81;632;10
272;633;634;633;207;633;9
273;-1;1001;-1;1000;-1;11
274;634;635;634;978;634;10
275;-1;1001;-1;1000;-1;11
276;-1;1001;-1;1000;-1;11
277;-1;1001;-1;1000;-1;11
278;-1;1001;-1;1000;-1;11
279;-1;1001;-1;1000;-1;11
280;-1;1001;-1;1000;-1;11
281;635;636;635;220;635;8
282;-1;1001;-1;1000;-1;11
283;-1;1001;-1;1000;-1;11
284;636;637;-1;1000;636;10
285;637;638;-1;1000;637;9
286;638;639;638;91;638;10
287;639;640;639;733;639;6
288;640;641;640;909;640;10
289;-1;1001;-1;1000;-1;11
290;641;642;641;956;641;9
291;-1;1001;-1;1000;-1;11
292;642;643;642;461;642;10
293;-1;1001;-1;1000;-1;11
294;643;644;643;245;643;8
295;-1;1001;-1;1000;-1;11
296;-1;1001;-1;1000;-1;11
297;644;645;644;124;644;10
298;-1;1001;-1;1000;-1;11
299;645;646;-1;1000;645;9
300;646;647;646;516;646;10
301;647;648;647;868;647;7
302;-1;1001;-1;1000;-1;11
303;-1;1001;-1;1000;-1;11
304;-1;1001;-1;1000;-1;11
305;648;649;648;542;648;10
306;-1;1001;-1;1000;-1;11
307;-1;1001;-1;1000;-1;11
308;649;650;-1;1000;649;9
309;-1;1001;-1;1000;-1;11
310;-1;1001;-1;1000;-1;11
311;-1;1001;-1;1000;-1;11
312;650;651;650;154;650;10
313;-1;1001;-1;1000;-1;11
314;-1;1001;-1;1000;-1;11
315;651;652;651;180;651;8
316;-1;1001;-1;1000;-1;11
317;652;653;652;533;652;10
318;653;654;653;991;653;9
319;-1;1001;-1;1000;-1;11
320;-1;1001;-1;1000;-1;11
321;654;655;654;519;654;10
322;-1;1001;-1;1000;-1;11
323;-1;1001;-1;1000;-1;11
324;-1;1001;-1;1000;-1;11
325;655;656;655;497;655;5
326;656;657;656;351;656;9
327;-1;1001;-1;1000;-1;11
328;657;658;657;545;657;10
329;-1;1001;-1;1000;-1;11
330;658;659;-1;1000;658;8
331;659;660;659;286;659;10
332;-1;1001;-1;1000;-1;11
333;-1;1001;-1;1000;-1;11
334;-1;1001;-1;1000;-1;11
335;660;661;660;770;660;9
336;-1;1001;-1;1000;-1;11
337;661;662;661;415;661;10
338;-1;1001;-1;1000;-1;11
339;-1;1001;-1;1000;-1;11
340;-1;1001;-1;1000;-1;11
341;-1;1001;-1;1000;-1;11
342;-1;1001;-1;1000;-1;11
343;662;663;662;742;662;7
344;663;664;663;159;663;10
345;664;665;664;183;664;9
346;-1;1001;-1;1000;-1;11
347;-1;1001;-1;1000;-1;11
348;665;666;-1;1000;665;10
349;666;667;666;326;666;8
350;667;668;-1;1000;667;10
351;-1;1001;-1;1000;-1;11
352;668;669;668;687;668;9
353;-1;1001;-1;1000;-1;11
354;-1;1001;-1;1000;-1;11
355;669;670;669;6;669;10
356;670;671;-1;1000;670;6
357;671;672;671;708;671;10
358;-1;1001;-1;1000;-1;11
359;-1;1001;-1;1000;-1;11
360;672;673;672;77;672;9
361;-1;1001;-1;1000;-1;11
362;673;674;673;332;673;10
363;-1;1001;-1;1000;-1;11
364;674;675;674;39;674;8
365;675;676;675;616;675;10
366;676;677;-1;1000;676;9
367;-1;1001;-1;1000;-1;11
368;-1;1001;-1;1000;-1;11
369;677;678;677;549;677;10
370;678;679;-1;1000;678;7
371;679;680;679;181;679;10
372;680;681;680;993;680;9
373;-1;1001;-1;1000;-1;11
374;681;682;681;577;681;10
375;682;683;-1;1000;682;8
376;-1;1001;-1;1000;-1;11
377;683;684;683;237;683;10
378;684;685;684;411;684;9
379;685;686;-1;1000;685;10
380;686;687;686;570;686;4
381;687;688;-1;1000;687;9
382;-1;1001;-1;1000;-1;11
383;688;689;688;550;688;10
384;689;690;689;77;689;8
385;690;691;690;887;690;10
386;691;692;-1;1000;691;9
387;-1;1001;-1;1000;-1;11
388;692;693;-1;1000;692;10
389;693;694;-1;1000;693;7
390;694;695;-1;1000;694;10
391;695;696;695;429;695;9
392;-1;1001;-1;1000;-1;11
393;696;697;-1;1000;696;10
394;-1;1001;-1;1000;-1;11
395;697;698;697;555;697;8
396;-1;1001;-1;1000;-1;11
397;698;699;-1;1000;698;10
398;699;700;-1;1000;699;9
399;700;701;700;2;700;10
400;-1;1001;-1;1000;-1;11
401;701;702;701;135;701;6
402;702;703;-1;1000;702;10
403;-1;1001;-1;1000;-1;11
404;-1;1001;-1;1000;-1;11
405;-1;1001;-1;1000;-1;11
406;-1;1001;-1;1000;-1;11
407;703;704;-1;1000;703;9
408;704;705;704;339;704;10
409;705;706;-1;1000;705;8
410;706;707;706;144;706;10
411;-1;1001;-1;1000;-1;11
412;-1;1001;-1;1000;-1;11
413;707;708;707;130;707;9
414;708;709;708;267;708;10
415;-1;1001;-1;1000;-1;11
416;-1;1001;-1;1000;-1;11
417;-1;1001;-1;1000;-1;11
418;-1;1001;-1;1000;-1;11
419;709;710;709;683;709;7
420;710;711;710;551;710;10
421;-1;1001;-1;1000;-1;11
422;711;712;711;73;711;9
423;712;713;-1;1000;712;10
424;713;714;713;363;713;8
425;-1;1001;-1;1000;-1;11
426;714;715;-1;1000;714;10
427;-1;1001;-1;1000;-1;11
428;-1;1001;-1;1000;-1;11
429;-1;1001;-1;1000;-1;11
430;715;716;715;73;715;9
431;716;717;-1;1000;716;10
432;717;718;717;602;717;5
433;-1;1001;-1;1000;-1;11
434;718;719;718;340;718;10
435;719;720;-1;1000;719;9
436;720;721;-1;1000;720;10
437;721;722;721;197;721;8
438;722;723;-1;1000;722;10
439;723;724;723;25;723;9
440;-1;1001;-1;1000;-1;11
441;-1;1001;-1;1000;-1;11
442;-1;1001;-1;1000;-1;11
443;-1;1001;-1;1000;-1;11
444;724;725;-1;1000;724;10
445;-1;1001;-1;1000;-1;11
446;-1;1001;-1;1000;-1;11
447;725;726;725;446;725;7
448;726;727;-1;1000;726;10
449;-1;1001;-1;1000;-1;11
450;-1;1001;-1;1000;-1;11
451;-1;1001;-1;1000;-1;11
452;727;728;727;463;727;9
453;728;729;728;116;728;10
454;729;730;729;365;729;8
455;-1;1001;-1;1000;-1;11
456;730;731;730;27;730;10
457;731;732;-1;1000;731;9
458;732;733;732;145;732;10
459;-1;1001;-1;1000;-1;11
460;-1;1001;-1;1000;-1;11
461;-1;1001;-1;1000;-1;11
462;-1;1001;-1;1000;-1;11
463;-1;1001;-1;1000;-1;11
464;-1;1001;-1;1000;-1;11
465;733;734;-1;1000;733;6
466;734;735;734;413;734;10
467;-1;1001;-1;1000;-1;11
468;-1;1001;-1;1000;-1;11
469;735;736;735;491;735;9
470;736;737;736;341;736;10
471;737;738;-1;1000;737;8
472;738;739;738;654;738;10
473;-1;1001;-1;1000;-1;11
474;739;740;739;945;739;9
475;740;741;-1;1000;740;10
476;741;742;-1;1000;741;7
477;742;743;742;56;742;10
478;-1;1001;-1;1000;-1;11
479;743;744;-1;1000;743;9
480;-1;1001;-1;1000;-1;11
481;744;745;-1;1000;744;10
482;-1;1001;-1;1000;-1;11
483;-1;1001;-1;1000;-1;11
484;745;746;-1;1000;745;8
485;746;747;746;19;746;10
486;747;748;747;672;747;9
487;748;749;-1;1000;748;10
488;749;750;749;535;749;2
489;-1;1001;-1;1000;-1;10
490;-1;1001;-1;1000;-1;10
491;750;751;750;8;750;9
492;-1;1001;-1;1000;-1;11
493;-1;1001;-1;1000;-1;11
494;-1;1001;-1;1000;-1;11
495;751;752;751;730;751;10
496;752;753;-1;1000;752;8
497;-1;1001;-1;1000;-1;11
498;753;754;753;234;753;10
499;-1;1001;-1;1000;-1;11
500;-1;1001;-1;1000;-1;11
501;-1;1001;-1;1000;-1;11
502;754;755;754;874;754;9
503;-1;1001;-1;1000;-1;11
504;755;756;755;532;755;10
505;756;757;-1;1000;756;7
506;-1;1001;-1;1000;-1;11
507;757;758;-1;1000;757;10
508;758;759;758;970;758;9
509;-1;1001;-1;1000;-1;11
510;759;760;759;1;759;10
511;760;761;760;76;760;8
512;-1;1001;-1;1000;-1;11
513;761;762;-1;1000;761;10
514;762;763;762;947;762;9
515;763;764;-1;1000;763;10
516;764;765;-1;1000;764;6
517;765;766;-1;1000;765;10
518;766;767;766;853;766;9
519;-1;1001;-1;1000;-1;11
520;767;768;-1;1000;767;10
521;768;769;768;661;768;8
522;-1;1001;-1;1000;-1;11
523;769;770;769;73;769;10
524;-1;1001;-1;1000;-1;11
525;-1;1001;-1;1000;-1;11
526;770;771;-1;1000;770;9
527;771;772;771;946;771;10
528;772;773;772;817;772;7
529;-1;1001;-1;1000;-1;11
530;773;774;-1;1000;773;10
531;774;775;774;407;774;9
532;775;776;775;350;775;10
533;-1;1001;-1;1000;-1;11
534;776;777;-1;1000;776;8
535;-1;1001;-1;1000;-1;11
536;-1;1001;-1;1000;-1;11
537;-1;1001;-1;1000;-1;11
538;-1;1001;-1;1000;-1;11
539;-1;1001;-1;1000;-1;11
540;777;778;777;203;777;10
541;-1;1001;-1;1000;-1;11
542;778;779;-1;1000;778;9
543;779;780;-1;1000;779;10
544;-1;1001;-1;1000;-1;11
545;-1;1001;-1;1000;-1;11
546;-1;1001;-1;1000;-1;11
547;-1;1001;-1;1000;-1;11
548;-1;1001;-1;1000;-1;11
549;-1;1001;-1;1000;-1;11
550;780;781;780;391;780;5
551;781;782;781;575;781;9
552;782;783;-1;1000;782;10
553;783;784;-1;1000;783;8
554;784;785;784;223;784;10
555;785;786;785;278;785;9
556;786;787;786;398;786;10
557;787;788;787;304;787;7
558;-1;1001;-1;1000;-1;11
559;788;789;788;785;788;10
560;789;790;-1;1000;789;9
561;-1;1001;-1;1000;-1;11
562;790;791;-1;1000;790;10
563;791;792;-1;1000;791;8
564;792;793;-1;1000;792;10
565;-1;1001;-1;1000;-1;11
566;793;794;793;183;793;9
567;-1;1001;-1;1000;-1;11
568;-1;1001;-1;1000;-1;11
569;-1;1001;-1;1000;-1;11
570;-1;1001;-1;1000;-1;11
571;-1;1001;-1;1000;-1;11
572;794;795;-1;1000;794;10
573;-1;1001;-1;1000;-1;11
574;-1;1001;-1;1000;-1;11
575;-1;1001;-1;1000;-1;11
576;795;796;-1;1000;795;6
577;796;797;-1;1000;796;10
578;797;798;-1;1000;797;9
579;798;799;798;148;798;10
580;-1;1001;-1;1000;-1;11
581;799;800;799;687;799;8
582;-1;1001;-1;1000;-1;11
583;800;801;-1;1000;800;10
584;801;802;801;885;801;9
585;802;803;802;52;802;10
586;-1;1001;-1;1000;-1;11
587;-1;1001;-1;1000;-1;11
588;803;804;803;484;803;7
589;804;805;804;34;804;10
590;805;806;-1;1000;805;9
591;-1;1001;-1;1000;-1;11
592;-1;1001;-1;1000;-1;11
593;-1;1001;-1;1000;-1;11
594;806;807;-1;1000;806;10
595;-1;1001;-1;1000;-1;11
596;-1;1001;-1;1000;-1;11
597;-1;1001;-1;1000;-1;11
598;-1;1001;-1;1000;-1;11
599;-1;1001;-1;1000;-1;11
600;807;808;807;418;807;8
601;808;809;808;798;808;10
602;-1;1001;-1;1000;-1;11
603;809;810;-1;1000;809;9
604;810;811;810;361;810;10
605;811;812;811;781;811;4
606;812;813;-1;1000;812;9
607;813;814;813;519;813;10
608;-1;1001;-1;1000;-1;11
609;814;815;814;75;814;8
610;-1;1001;-1;1000;-1;11
611;-1;1001;-1;1000;-1;11
612;-1;1001;-1;1000;-1;11
613;815;816;-1;1000;815;10
614;-1;1001;-1;1000;-1;11
615;816;817;816;36;816;9
616;-1;1001;-1;1000;-1;11
617;817;818;817;491;817;10
618;818;819;818;30;818;7
619;-1;1001;-1;1000;-1;11
620;-1;1001;-1;1000;-1;11
621;-1;1001;-1;1000;-1;11
622;819;820;819;104;819;10
623;-1;1001;-1;1000;-1;11
624;820;821;820;909;820;9
625;821;822;-1;1000;821;10
626;-1;1001;-1;1000;-1;11
627;822;823;822;729;822;8
628;-1;1001;-1;1000;-1;11
629;823;824;823;131;823;10
630;-1;1001;-1;1000;-1;11
631;824;825;824;548;824;9
632;-1;1001;-1;1000;-1;11
633;-1;1001;-1;1000;-1;11
634;-1;1001;-1;1000;-1;11
635;-1;1001;-1;1000;-1;11
636;825;826;825;446;825;10
637;-1;1001;-1;1000;-1;11
638;-1;1001;-1;1000;-1;11
639;826;827;826;198;826;6
640;-1;1001;-1;1000;-1;11
641;-1;1001;-1;1000;-1;11
642;827;828;827;316;827;10
643;-1;1001;-1;1000;-1;11
644;-1;1001;-1;1000;-1;11
645;-1;1001;-1;1000;-1;11
646;-1;1001;-1;1000;-1;11
647;828;829;-1;1000;828;9
648;829;830;829;239;829;10
649;830;831;-1;1000;830;8
650;831;832;831;664;831;10
651;-1;1001;-1;1000;-1;11
652;832;833;832;147;832;9
653;-1;1001;-1;1000;-1;11
654;833;834;-1;1000;833;10
655;-1;1001;-1;1000;-1;11
656;-1;1001;-1;1000;-1;11
657;-1;1001;-1;1000;-1;11
658;-1;1001;-1;1000;-1;11
659;-1;1001;-1;1000;-1;11
660;-1;1001;-1;1000;-1;11
661;-1;1001;-1;1000;-1;11
662;834;835;834;245;834;7
663;-1;1001;-1;1000;-1;11
664;-1;1001;-1;1000;-1;11
665;835;836;835;380;835;10
666;836;837;836;916;836;9
667;-1;1001;-1;1000;-1;11
668;837;838;837;140;837;10
669;-1;1001;-1;1000;-1;11
670;838;839;838;94;838;8
671;839;840;-1;1000;839;10
672;-1;1001;-1;1000;-1;11
673;840;841;840;231;840;9
674;-1;1001;-1;1000;-1;11
675;-1;1001;-1;1000;-1;11
676;-1;1001;-1;1000;-1;11
677;841;842;841;940;841;10
678;842;843;842;431;842;5
679;-1;1001;-1;1000;-1;11
680;-1;1001;-1;1000;-1;11
681;843;844;-1;1000;843;10
682;-1;1001;-1;1000;-1;11
683;-1;1001;-1;1000;-1;11
684;844;845;844;723;844;9
685;845;846;-1;1000;845;10
686;846;847;846;96;846;8
687;-1;1001;-1;1000;-1;11
688;-1;1001;-1;1000;-1;11
689;-1;1001;-1;1000;-1;11
690;847;848;847;802;847;10
691;-1;1001;-1;1000;-1;11
692;848;849;848;949;848;9
693;849;850;-1;1000;849;10
694;-1;1001;-1;1000;-1;11
695;-1;1001;-1;1000;-1;11
696;-1;1001;-1;1000;-1;11
697;850;851;850;31;850;7
698;-1;1001;-1;1000;-1;11
699;-1;1001;-1;1000;-1;11
700;-1;1001;-1;1000;-1;11
701;851;852;851;227;851;10
702;-1;1001;-1;1000;-1;11
703;-1;1001;-1;1000;-1;11
704;852;853;-1;1000;852;9
705;-1;1001;-1;1000;-1;11
706;-1;1001;-1;1000;-1;11
707;853;854;-1;1000;853;10
708;854;855;854;367;854;8
709;855;856;855;542;855;10
710;-1;1001;-1;1000;-1;11
711;-1;1001;-1;1000;-1;11
712;856;857;856;549;856;9
713;857;858;857;811;857;10
714;858;859;-1;1000;858;6
715;859;860;-1;1000;859;10
716;860;861;860;213;860;9
717;-1;1001;-1;1000;-1;11
718;861;862;-1;1000;861;10
719;-1;1001;-1;1000;-1;11
720;862;863;-1;1000;862;8
721;863;864;863;116;863;10
722;-1;1001;-1;1000;-1;11
723;-1;1001;-1;1000;-1;11
724;-1;1001;-1;1000;-1;11
725;-1;1001;-1;1000;-1;11
726;864;865;864;183;864;9
727;-1;1001;-1;1000;-1;11
728;-1;1001;-1;1000;-1;11
729;865;866;865;149;865;10
730;866;867;866;789;866;7
731;-1;1001;-1;1000;-1;11
732;867;868;867;794;867;10
733;868;869;-1;1000;868;9
734;869;870;-1;1000;869;10
735;-1;1001;-1;1000;-1;11
736;-1;1001;-1;1000;-1;11
737;870;871;870;252;870;8
738;-1;1001;-1;1000;-1;11
739;871;872;871;887;871;10
740;872;873;872;376;872;9
741;-1;1001;-1;1000;-1;11
742;873;874;873;436;873;10
743;874;875;874;522;874;3
744;-1;1001;-1;1000;-1;10
745;-1;1001;-1;1000;-1;10
746;875;876;875;486;875;9
747;-1;1001;-1;1000;-1;11
748;876;877;-1;1000;876;10
749;-1;1001;-1;1000;-1;11
750;-1;1001;-1;1000;-1;11
751;877;878;877;136;877;8
752;-1;1001;-1;1000;-1;11
753;-1;1001;-1;1000;-1;11
754;-1;1001;-1;1000;-1;11
755;878;879;-1;1000;878;10
756;879;880;-1;1000;879;9
757;880;881;880;546;880;10
758;-1;1001;-1;1000;-1;11
759;-1;1001;-1;1000;-1;11
760;-1;1001;-1;1000;-1;11
761;881;882;881;239;881;7
762;882;883;882;278;882;10
763;-1;1001;-1;1000;-1;11
764;-1;1001;-1;1000;-1;11
765;883;884;-1;1000;883;9
766;-1;1001;-1;1000;-1;11
767;884;885;884;597;884;10
768;885;886;885;432;885;8
769;-1;1001;-1;1000;-1;11
770;886;887;886;17;886;10
771;887;888;887;43;887;9
772;888;889;888;653;888;10
773;-1;1001;-1;1000;-1;11
774;-1;1001;-1;1000;-1;11
775;889;890;889;494;889;6
776;-1;1001;-1;1000;-1;11
777;890;891;890;325;890;10
778;891;892;891;96;891;9
779;892;893;892;797;892;10
780;-1;1001;-1;1000;-1;11
781;-1;1001;-1;1000;-1;11
782;893;894;893;93;893;8
783;894;895;894;119;894;10
784;895;896;-1;1000;895;9
785;-1;1001;-1;1000;-1;11
786;-1;1001;-1;1000;-1;11
787;896;897;896;194;896;10
788;897;898;-1;1000;897;7
789;898;899;898;122;898;10
790;-1;1001;-1;1000;-1;11
791;899;900;-1;1000;899;9
792;-1;1001;-1;1000;-1;11
793;900;901;-1;1000;900;10
794;-1;1001;-1;1000;-1;11
795;-1;1001;-1;1000;-1;11
796;-1;1001;-1;1000;-1;11
797;901;902;901;46;901;8
798;902;903;902;153;902;10
799;-1;1001;-1;1000;-1;11
800;-1;1001;-1;1000;-1;11
801;-1;1001;-1;1000;-1;11
802;903;904;903;720;903;9
803;-1;1001;-1;1000;-1;11
804;904;905;904;347;904;10
805;905;906;-1;1000;905;5
806;906;907;-1;1000;906;10
807;907;908;907;801;907;9
808;-1;1001;-1;1000;-1;11
809;908;909;908;27;908;10
810;-1;1001;-1;1000;-1;11
811;-1;1001;-1;1000;-1;11
812;909;910;909;833;909;8
813;910;911;-1;1000;910;10
814;911;912;911;85;911;9
815;-1;1001;-1;1000;-1;11
816;-1;1001;-1;1000;-1;11
817;912;913;912;353;912;10
818;913;914;913;542;913;7
819;914;915;914;35;914;10
820;915;916;-1;1000;915;9
821;-1;1001;-1;1000;-1;11
822;-1;1001;-1;1000;-1;11
823;-1;1001;-1;1000;-1;11
824;-1;1001;-1;1000;-1;11
825;-1;1001;-1;1000;-1;11
826;916;917;916;660;916;10
827;-1;1001;-1;1000;-1;11
828;-1;1001;-1;1000;-1;11
829;917;918;917;849;917;8
830;918;919;918;713;918;10
831;-1;1001;-1;1000;-1;11
832;919;920;919;699;919;9
833;-1;1001;-1;1000;-1;11
834;-1;1001;-1;1000;-1;11
835;920;921;-1;1000;920;10
836;-1;1001;-1;1000;-1;11
837;921;922;921;819;921;6
838;922;923;922;308;922;10
839;-1;1001;-1;1000;-1;11
840;923;924;923;303;923;9
841;924;925;924;238;924;10
842;925;926;925;975;925;8
843;926;927;926;874;926;10
844;927;928;-1;1000;927;9
845;-1;1001;-1;1000;-1;11
846;-1;1001;-1;1000;-1;11
847;-1;1001;-1;1000;-1;11
848;-1;1001;-1;1000;-1;11
849;-1;1001;-1;1000;-1;11
850;-1;1001;-1;1000;-1;11
851;-1;1001;-1;1000;-1;11
852;-1;1001;-1;1000;-1;11
853;-1;1001;-1;1000;-1;11
854;-1;1001;-1;1000;-1;11
855;928;929;928;197;928;10
856;929;930;-1;1000;929;7
857;-1;1001;-1;1000;-1;11
858;-1;1001;-1;1000;-1;11
859;-1;1001;-1;1000;-1;11
860;930;931;930;565;930;10
861;-1;1001;-1;1000;-1;11
862;-1;1001;-1;1000;-1;11
863;-1;1001;-1;1000;-1;11
864;931;932;931;326;931;9
865;932;933;932;55;932;10
866;-1;1001;-1;1000;-1;11
867;933;934;933;406;933;8
868;-1;1001;-1;1000;-1;11
869;-1;1001;-1;1000;-1;11
870;934;935;934;57;934;10
871;935;936;935;345;935;9
872;936;937;-1;1000;936;10
873;-1;1001;-1;1000;-1;11
874;937;938;937;224;937;4
875;938;939;938;504;938;9
876;-1;1001;-1;1000;-1;11
877;-1;1001;-1;1000;-1;11
878;-1;1001;-1;1000;-1;11
879;939;940;-1;1000;939;10
880;-1;1001;-1;1000;-1;11
881;-1;1001;-1;1000;-1;11
882;940;941;940;560;940;8
883;941;942;-1;1000;941;10
884;942;943;-1;1000;942;9
885;943;944;943;454;943;10
886;944;945;-1;1000;944;7
887;-1;1001;-1;1000;-1;11
888;-1;1001;-1;1000;-1;11
889;945;946;945;27;945;10
890;-1;1001;-1;1000;-1;11
891;946;947;946;415;946;9
892;947;948;947;251;947;10
893;-1;1001;-1;1000;-1;11
894;-1;1001;-1;1000;-1;11
895;-1;1001;-1;1000;-1;11
896;948;949;948;279;948;8
897;949;950;949;109;949;10
898;950;951;950;765;950;9
899;951;952;951;133;951;10
900;952;953;952;96;952;6
901;953;954;953;249;953;10
902;-1;1001;-1;1000;-1;11
903;-1;1001;-1;1000;-1;11
904;-1;1001;-1;1000;-1;11
905;954;955;-1;1000;954;9
906;-1;1001;-1;1000;-1;11
907;-1;1001;-1;1000;-1;11
908;-1;1001;-1;1000;-1;11
909;955;956;955;52;955;10
910;-1;1001;-1;1000;-1;11
911;956;957;956;295;956;8
912;957;958;957;374;957;10
913;-1;1001;-1;1000;-1;11
914;-1;1001;-1;1000;-1;11
915;958;959;958;364;958;9
916;-1;1001;-1;1000;-1;11
917;959;960;959;846;959;10
918;-1;1001;-1;1000;-1;11
919;-1;1001;-1;1000;-1;11
920;-1;1001;-1;1000;-1;11
921;960;961;-1;1000;960;7
922;-1;1001;-1;1000;-1;11
923;961;962;961;153;961;10
924;962;963;962;707;962;9
925;-1;1001;-1;1000;-1;11
926;963;964;963;220;963;10
927;-1;1001;-1;1000;-1;11
928;-1;1001;-1;1000;-1;11
929;-1;1001;-1;1000;-1;11
930;-1;1001;-1;1000;-1;11
931;964;965;964;526;964;8
932;965;966;965;247;965;10
933;966;967;-1;1000;966;9
934;967;968;-1;1000;967;10
935;968;969;968;4;968;5
936;-1;1001;-1;1000;-1;11
937;969;970;969;645;969;10
938;-1;1001;-1;1000;-1;11
939;970;971;-1;1000;970;9
940;-1;1001;-1;1000;-1;11
941;-1;1001;-1;1000;-1;11
942;971;972;971;767;971;10
943;-1;1001;-1;1000;-1;11
944;972;973;-1;1000;972;8
945;973;974;-1;1000;973;10
946;-1;1001;-1;1000;-1;11
947;-1;1001;-1;1000;-1;11
948;-1;1001;-1;1000;-1;11
949;974;975;974;136;974;9
950;975;976;-1;1000;975;10
951;-1;1001;-1;1000;-1;11
952;976;977;-1;1000;976;7
953;977;978;-1;1000;977;10
954;-1;1001;-1;1000;-1;11
955;-1;1001;-1;1000;-1;11
956;978;979;-1;1000;978;9
957;-1;1001;-1;1000;-1;11
958;979;980;-1;1000;979;10
959;980;981;980;726;980;8
960;-1;1001;-1;1000;-1;11
961;981;982;-1;1000;981;10
962;-1;1001;-1;1000;-1;11
963;-1;1001;-1;1000;-1;11
964;982;983;982;669;982;9
965;-1;1001;-1;1000;-1;11
966;-1;1001;-1;1000;-1;11
967;-1;1001;-1;1000;-1;11
968;983;984;-1;1000;983;10
969;-1;1001;-1;1000;-1;11
970;984;985;-1;1000;984;6
971;-1;1001;-1;1000;-1;11
972;985;986;985;493;985;10
973;986;987;986;132;986;9
974;-1;1001;-1;1000;-1;11
975;987;988;987;120;987;10
976;988;989;988;249;988;8
977;-1;1001;-1;1000;-1;11
978;989;990;-1;1000;989;10
979;990;991;-1;1000;990;9
980;991;992;-1;1000;991;10
981;-1;1001;-1;1000;-1;11
982;-1;1001;-1;1000;-1;11
983;992;993;992;684;992;7
984;-1;1001;-1;1000;-1;11
985;993;994;-1;1000;993;10
986;-1;1001;-1;1000;-1;11
987;994;995;994;343;994;9
988;-1;1001;-1;1000;-1;11
989;-1;1001;-1;1000;-1;11
990;995;996;995;117;995;10
991;-1;1001;-1;1000;-1;11
992;-1;1001;-1;1000;-1;11
993;-1;1001;-1;1000;-1;11
994;996;997;996;601;996;8
995;-1;1001;-1;1000;-1;11
996;997;998;997;26;997;10
997;-1;1001;-1;1000;-1;11
998;998;999;998;196;998;9
999;999;1000;999;80;999;10
